(array([[-4.9000000e-01, -8.5000000e-01, -1.2240000e+00,  3.7000000e-01,
        -6.8000000e-01, -5.7000000e-01,  3.5000000e-01,  9.1000000e-01],
       [-9.3000000e-01,  3.8000000e-01,  3.9000000e-01, -9.1000000e-01,
         9.7000000e-01,  8.7000000e-01, -5.6000000e-01, -9.5000000e-01],
       [-5.8000000e-01,  3.0000000e-02, -6.7000000e-01, -8.0000000e-02,
        -5.4000000e-01, -2.0000000e-02, -8.1000000e-01, -7.2000000e-01],
       [ 8.8817842e-16,  9.0000000e-01,  8.8817842e-16, -1.2190000e+00,
         2.3000000e-01, -4.0000000e-01, -7.2000000e-01, -1.1060000e+00],
       [ 5.0000000e-02,  2.3000000e-01, -9.2000000e-01, -8.7000000e-01,
         2.8000000e-01, -1.9000000e-01, -8.8000000e-01,  6.0000000e-01],
       [ 3.0400000e-01,  5.7000000e-01, -7.3000000e-01,  2.9000000e-01,
         1.3000000e-02,  1.0380000e+00, -4.5000000e-01,  1.8000000e-01],
       [-3.4000000e-01,  9.2000000e-01,  1.0380000e+00,  8.9000000e-01,
         3.9800000e-01, -3.6600000e-01,  9.2000000e-01,  1.3300000e-01],
       [ 7.5000000e-01, -2.3400000e-01,  1.2340000e+00, -1.0000000e+00,
        -7.6000000e-01,  8.6000000e-01,  6.9000000e-01,  7.3100000e-01],
       [ 4.1000000e-01, -1.0000000e-01, -2.9000000e-01,  1.8000000e-01,
         4.7000000e-01, -6.0000000e-02, -3.5000000e-01, -8.9000000e-01]]), array([[-0.18 , -0.88 , -0.76 ,  0.584,  0.12 , -0.33 , -0.74 , -1.099,
         0.05 ],
       [-0.76 , -0.27 , -0.41 ,  0.056, -0.41 ,  0.35 ,  0.01 , -0.1  ,
        -0.58 ],
       [ 0.78 , -0.29 ,  0.192, -0.06 ,  0.33 , -0.42 , -0.37 , -0.38 ,
        -0.433],
       [-0.77 , -0.69 ,  0.87 , -1.491,  0.18 ,  0.472, -0.33 ,  0.19 ,
        -0.44 ],
       [ 0.66 , -0.34 , -0.15 ,  0.259,  0.37 ,  0.98 , -0.7  ,  0.664,
         0.921],
       [-0.821, -0.07 , -0.41 ,  0.69 , -0.13 , -1.128, -0.77 ,  0.48 ,
        -0.94 ],
       [ 0.35 , -0.465, -0.011,  0.386, -0.8  , -0.545, -0.93 ,  0.04 ,
         0.27 ],
       [ 0.72 ,  0.25 ,  0.26 , -0.98 , -0.48 ,  0.376, -0.07 ,  0.465,
        -0.71 ],
       [ 0.32 , -0.3  , -0.27 ,  0.57 ,  0.86 , -0.49 ,  0.04 , -0.01 ,
         1.342],
       [ 0.54 ,  0.077, -0.52 , -0.88 , -0.93 ,  0.52 , -1.207, -0.78 ,
         0.36 ],
       [ 0.04 ,  0.45 , -0.207, -0.004, -0.56 ,  0.6  , -1.068, -0.111,
        -0.71 ],
       [-0.3  ,  0.16 , -0.46 ,  0.38 , -0.4  ,  0.66 ,  0.47 ,  0.06 ,
         0.79 ],
       [-0.89 , -0.46 , -0.49 ,  0.044,  0.76 , -0.43 , -0.63 , -0.51 ,
        -0.829],
       [-0.455,  0.62 , -0.651, -0.07 ,  0.126, -0.99 ,  1.416, -0.95 ,
        -0.09 ],
       [-0.99 , -0.39 , -0.33 , -0.78 , -0.026, -0.21 ,  0.48 , -0.446,
         0.305]]), array([[-0.96 , -0.68 , -0.97 , -0.44 ,  0.5  , -0.92 ,  0.37 ,  0.24 ,
        -0.87 ,  0.62 ,  0.11 ,  0.84 , -0.159, -0.48 , -0.53 ],
       [-0.637,  0.907, -0.88 ,  0.73 , -0.72 , -0.928,  0.854,  0.06 ,
         0.58 ,  0.07 ,  0.756, -0.61 , -0.896, -0.21 , -0.724],
       [ 0.13 , -0.79 , -0.78 , -0.84 ,  0.325, -0.61 , -0.44 , -0.11 ,
         0.752,  0.86 , -0.005, -0.805,  0.52 ,  0.18 , -0.72 ],
       [-0.87 , -0.525, -0.469, -0.19 , -0.488,  0.073,  0.54 ,  0.57 ,
         0.39 ,  0.585,  1.217, -0.98 ,  0.59 ,  0.79 ,  0.52 ]]))