(array([[ 0.96 ,  0.41 ,  0.24 , -0.61 , -0.157,  1.547,  1.042],
       [ 0.04 ,  0.97 , -0.616,  0.63 ,  0.9  ,  0.77 , -0.82 ],
       [-0.45 , -0.4  , -0.991,  0.46 ,  0.85 ,  0.2  ,  0.73 ],
       [-0.11 , -0.62 ,  0.86 , -0.72 ,  0.5  , -0.3  ,  0.59 ],
       [-0.968,  0.9  ,  0.345,  0.99 ,  0.523, -0.98 ,  0.53 ],
       [-0.76 , -0.19 , -0.76 ,  0.63 ,  0.13 ,  0.74 , -0.82 ],
       [-0.008,  0.457,  1.356, -1.674,  0.6  ,  0.01 ,  0.31 ],
       [ 0.37 ,  0.18 , -0.97 ,  0.18 , -0.78 ,  0.36 ,  0.12 ],
       [ 0.38 ,  0.96 , -0.28 ,  0.42 , -0.44 ,  0.49 ,  0.1  ]]), array([[-1.2300000e+00,  9.3000000e-01,  1.3170000e+00, -1.4000000e-01,
         2.6000000e-01,  2.1000000e-01, -5.4800000e-01, -3.9600000e-01,
         6.2900000e-01],
       [ 8.8817842e-16, -2.7000000e-01, -9.6000000e-01,  3.1000000e-01,
        -4.8000000e-01,  7.6000000e-01,  7.4000000e-01,  6.4000000e-01,
        -2.3000000e-01],
       [ 7.4000000e-01, -4.1000000e-01, -1.2570000e+00, -8.9000000e-01,
        -9.9000000e-01, -8.9500000e-01, -6.3000000e-01,  8.1000000e-02,
        -8.8100000e-01],
       [-4.8000000e-01, -5.8000000e-01, -9.3000000e-01, -6.2000000e-01,
         3.5000000e-01, -4.3000000e-01,  6.9000000e-01, -1.0000000e-02,
        -6.3000000e-01],
       [ 7.6000000e-01,  5.2000000e-01,  5.0000000e-01, -7.6000000e-01,
        -5.5000000e-01,  3.8000000e-01, -6.2000000e-01,  1.9100000e-01,
         7.8800000e-01],
       [-2.5000000e-01, -9.6000000e-01, -9.0000000e-02,  9.3000000e-01,
         6.0000000e-01,  2.6000000e-01,  4.1000000e-01, -4.3000000e-01,
        -4.7000000e-01],
       [ 4.7000000e-01, -6.1100000e-01,  8.6100000e-01, -3.9000000e-01,
         1.0000000e-02,  1.3000000e-01,  4.4200000e-01, -2.1000000e-01,
        -2.1000000e-01],
       [ 7.0900000e-01,  9.0000000e-03, -1.0000000e+00,  7.4000000e-02,
         1.4000000e-01,  1.0000000e-02,  6.4000000e-01,  6.8000000e-01,
         9.7000000e-01],
       [-1.1000000e-01, -9.1000000e-01,  7.0000000e-01, -5.6000000e-01,
        -7.6000000e-01, -1.8000000e-01, -5.3000000e-01, -3.8000000e-01,
         8.2000000e-01],
       [ 8.6000000e-01, -8.2000000e-01, -2.2400000e-01,  6.1000000e-01,
         9.3000000e-01,  1.2000000e-01, -1.7000000e-01, -3.5000000e-01,
        -3.3000000e-01],
       [ 8.9000000e-01, -8.1000000e-01, -9.8000000e-01, -2.3000000e-01,
         5.1000000e-01, -5.7000000e-01, -7.3000000e-01, -4.7000000e-01,
         2.9000000e-01],
       [ 9.0000000e-02,  1.0300000e+00, -5.3000000e-01, -1.8500000e-01,
        -3.0000000e-01, -6.6000000e-01, -1.1000000e-01,  8.0000000e-02,
        -8.9000000e-01],
       [-8.9000000e-01,  5.8100000e-01,  2.2000000e-01,  8.2000000e-01,
         5.2000000e-01, -6.8000000e-01, -1.0000000e-01,  1.7000000e-01,
         1.9000000e-01],
       [-7.5900000e-01, -6.2000000e-01, -8.7000000e-01, -7.3000000e-01,
        -8.0000000e-02, -6.1200000e-01, -9.8000000e-01,  4.8800000e-01,
        -6.6000000e-01],
       [ 1.3000000e-01,  5.9900000e-01,  7.0000000e-02,  5.4000000e-01,
        -9.3000000e-01,  6.1000000e-01,  2.2260000e+00, -2.2900000e-01,
        -7.7000000e-01]]), array([[ 0.26 ,  0.13 ,  0.1  ,  0.87 , -0.59 ,  0.64 ,  0.03 , -0.36 ,
         0.43 ,  1.868, -0.823,  0.4  ,  0.29 , -0.08 , -0.83 ],
       [-0.42 ,  0.75 ,  1.221,  0.15 , -0.78 , -0.4  ,  0.69 , -0.19 ,
         0.22 , -0.25 ,  0.238, -0.19 , -0.09 ,  0.13 ,  0.015],
       [ 0.07 ,  0.93 , -0.182,  0.23 ,  0.82 , -0.39 , -0.09 , -0.32 ,
        -0.84 , -0.95 ,  0.3  ,  0.97 ,  0.67 , -0.266, -0.1  ]]))