(array([[-0.27, -0.62, -0.14,  0.79,  0.92,  0.81, -1.  ],
       [ 0.05,  0.47, -0.07, -0.75,  0.83,  0.81,  0.19],
       [-0.87,  0.2 ,  0.14, -0.89,  0.9 ,  0.38,  0.99],
       [ 0.87, -0.17, -0.63,  0.84, -0.8 , -0.19,  0.48],
       [-0.32,  0.4 , -0.53, -0.43,  0.35, -0.18, -0.66],
       [-0.2 ,  0.16, -0.89, -0.26, -0.43,  0.11, -0.55],
       [ 0.45, -0.42, -0.59,  0.57,  0.26,  0.24, -0.59],
       [ 0.51, -0.21,  0.75, -0.13,  0.83,  0.2 , -0.06],
       [-0.22,  0.06,  0.19, -0.97,  0.96, -0.81, -0.09]]), array([[-0.98,  0.54,  0.03, -0.38, -0.42, -0.45,  0.48, -0.34, -0.61],
       [ 0.91, -0.94, -0.5 , -0.01,  0.61, -0.64,  0.61, -0.91, -0.11],
       [ 0.73,  0.85, -0.52,  0.5 , -0.16,  0.15,  0.45,  0.7 ,  0.08],
       [ 0.74, -0.06, -0.06,  0.11,  0.94, -0.79,  0.19,  0.53, -0.86],
       [-0.47, -0.97, -0.37,  0.33, -0.67, -1.  , -0.27,  0.83, -0.67],
       [-0.8 , -0.21,  0.16,  0.82,  0.04,  0.04,  0.78, -0.79, -0.44],
       [ 0.54, -0.14, -0.19, -0.14, -0.15,  0.51, -0.03,  0.19, -0.24],
       [-0.05, -0.85,  0.78, -0.86, -0.59,  0.9 ,  0.74, -0.42, -0.16],
       [-0.31,  0.07, -0.88, -0.31, -0.45, -0.65,  0.63, -0.8 ,  0.53],
       [ 0.15,  0.98,  0.44, -0.31, -0.21,  0.44,  0.17,  0.7 ,  0.92],
       [-0.07,  0.92, -0.6 ,  0.74,  0.08, -0.51, -0.78, -0.94,  0.59],
       [-0.59,  0.2 ,  0.98, -0.92, -0.51, -0.58, -0.11,  0.76,  0.51],
       [-0.79, -0.9 , -0.97, -0.86, -0.55,  0.14,  0.57, -0.36, -0.18],
       [-0.55, -0.27, -0.68,  0.84, -0.52, -0.35,  0.47,  0.95, -0.2 ],
       [-0.61, -0.22, -0.56, -0.93,  0.81,  0.17, -0.84,  0.42, -0.84]]), array([[ 0.02, -0.89,  0.36, -0.4 , -0.07,  0.34,  0.39,  0.23,  0.71,
         0.91, -0.65,  0.86, -0.22, -0.87, -0.83],
       [ 0.93, -0.75,  0.25, -0.16, -0.33,  0.12,  0.77, -0.52,  0.24,
        -0.92,  0.33, -0.05, -0.01,  0.31, -0.75],
       [-0.08, -0.01, -0.52,  0.6 ,  0.04,  0.77, -0.72, -0.11,  0.9 ,
        -0.83,  0.96, -0.6 ,  0.43,  0.17, -0.36]]))